<?xml version="1.0" encoding="utf-8"?>
<COLLADA xmlns="http://www.collada.org/2005/11/COLLADASchema" version="1.4.1">
  <asset><contributor><author></author><authoring_tool>FBX COLLADA exporter</authoring_tool><comments></comments></contributor><created>2014-09-17T12:58:30Z</created><keywords></keywords><modified>2014-09-17T12:58:30Z</modified><revision></revision><subject></subject><title></title><unit meter="0.010000" name="centimeter"></unit><up_axis>Y_UP</up_axis></asset>
  <library_images>
    <image id="PSD_Cube_color-image" name="PSD_Cube_color"><init_from>file://C:/Users/aston_000/Desktop/MQP/Items </init_from></image>
    <image id="file11-image" name="file11"><init_from>file://C:/Users/aston_000/Desktop/MQP/Items </init_from></image>
    <image id="SpeedBooster_file9-image" name="SpeedBooster_file9"><init_from>file://C:/Users/aston_000/Desktop/MQP/Items </init_from></image>
    <image id="SpeedBooster_file8-image" name="SpeedBooster_file8"><init_from>file://C:/Users/aston_000/Desktop/MQP/Items </init_from></image>
  </library_images>
  <library_materials>
    <material id="Cube" name="Cube">
      <instance_effect url="#Cube-fx"/>
    </material>
    <material id="SpeedBooster_lambert5" name="SpeedBooster_lambert5">
      <instance_effect url="#SpeedBooster_lambert5-fx"/>
    </material>
  </library_materials>
  <library_effects>
    <effect id="Cube-fx" name="Cube">
      <profile_COMMON>
        <technique sid="standard">
          <lambert>
            <emission>
              <color sid="emission">0.000000  0.000000 0.000000 1.000000</color>
            </emission>
            <ambient>
              <color sid="ambient">0.000000  0.000000 0.000000 1.000000</color>
            </ambient>
            <diffuse>
              <texture texture="PSD_Cube_color-image" texcoord="CHANNEL0">
                <extra>
                  <technique profile="MAYA">
                    <wrapU sid="wrapU0">TRUE</wrapU>
                    <wrapV sid="wrapV0">TRUE</wrapV>
                    <blend_mode>NONE</blend_mode>
                  </technique>
                </extra>
              </texture>
            </diffuse>
            <transparent opaque="RGB_ZERO">
              <texture texture="file11-image" texcoord="CHANNEL0">
                <extra>
                  <technique profile="MAYA">
                    <wrapU sid="wrapU0">TRUE</wrapU>
                    <wrapV sid="wrapV0">TRUE</wrapV>
                    <blend_mode>NONE</blend_mode>
                  </technique>
                </extra>
              </texture>
            </transparent>
            <transparency>
              <float sid="transparency">1.000000</float>
            </transparency>
          </lambert>
        </technique>
      </profile_COMMON>
    </effect>
    <effect id="SpeedBooster_lambert5-fx" name="SpeedBooster_lambert5">
      <profile_COMMON>
        <technique sid="standard">
          <lambert>
            <emission>
              <color sid="emission">0.000000  0.000000 0.000000 1.000000</color>
            </emission>
            <ambient>
              <color sid="ambient">0.000000  0.000000 0.000000 1.000000</color>
            </ambient>
            <diffuse>
              <texture texture="SpeedBooster_file9-image" texcoord="CHANNEL0">
                <extra>
                  <technique profile="MAYA">
                    <wrapU sid="wrapU0">TRUE</wrapU>
                    <wrapV sid="wrapV0">TRUE</wrapV>
                    <blend_mode>NONE</blend_mode>
                  </technique>
                </extra>
              </texture>
            </diffuse>
            <transparent opaque="RGB_ZERO">
              <texture texture="SpeedBooster_file8-image" texcoord="CHANNEL0">
                <extra>
                  <technique profile="MAYA">
                    <wrapU sid="wrapU0">TRUE</wrapU>
                    <wrapV sid="wrapV0">TRUE</wrapV>
                    <blend_mode>NONE</blend_mode>
                  </technique>
                </extra>
              </texture>
            </transparent>
            <transparency>
              <float sid="transparency">1.000000</float>
            </transparency>
          </lambert>
        </technique>
      </profile_COMMON>
    </effect>
  </library_effects>
  <library_geometries>
    <geometry id="pCube1-lib" name="pCube1Mesh">
      <mesh>
        <source id="pCube1-POSITION">
          <float_array id="pCube1-POSITION-array" count="24">
-11.392168 -11.392168 11.476942
11.392168 -11.392168 11.476942
-11.392168 11.392168 11.476942
11.392168 11.392168 11.476942
-11.392168 11.392168 -11.307394
11.392168 11.392168 -11.307394
-11.392168 -11.392168 -11.307394
11.392168 -11.392168 -11.307394
</float_array>
          <technique_common>
            <accessor source="#pCube1-POSITION-array" count="8" stride="3">
              <param name="X" type="float"/>
              <param name="Y" type="float"/>
              <param name="Z" type="float"/>
            </accessor>
          </technique_common>
        </source>
        <source id="pCube1-Normal0">
          <float_array id="pCube1-Normal0-array" count="108">
0.000000 0.000000 1.000000
0.000000 0.000000 1.000000
0.000000 0.000000 1.000000
0.000000 0.000000 1.000000
0.000000 0.000000 1.000000
0.000000 0.000000 1.000000
0.000000 1.000000 0.000000
0.000000 1.000000 0.000000
0.000000 1.000000 0.000000
0.000000 1.000000 0.000000
0.000000 1.000000 0.000000
0.000000 1.000000 0.000000
0.000000 0.000000 -1.000000
0.000000 0.000000 -1.000000
0.000000 0.000000 -1.000000
0.000000 0.000000 -1.000000
0.000000 0.000000 -1.000000
0.000000 0.000000 -1.000000
0.000000 -1.000000 0.000000
0.000000 -1.000000 0.000000
0.000000 -1.000000 0.000000
0.000000 -1.000000 0.000000
0.000000 -1.000000 0.000000
0.000000 -1.000000 0.000000
1.000000 0.000000 0.000000
1.000000 0.000000 0.000000
1.000000 0.000000 0.000000
1.000000 0.000000 0.000000
1.000000 0.000000 0.000000
1.000000 0.000000 0.000000
-1.000000 0.000000 0.000000
-1.000000 0.000000 0.000000
-1.000000 0.000000 0.000000
-1.000000 0.000000 0.000000
-1.000000 0.000000 0.000000
-1.000000 0.000000 0.000000
</float_array>
          <technique_common>
            <accessor source="#pCube1-Normal0-array" count="36" stride="3">
              <param name="X" type="float"/>
              <param name="Y" type="float"/>
              <param name="Z" type="float"/>
            </accessor>
          </technique_common>
        </source>
        <source id="pCube1-UV0">
          <float_array id="pCube1-UV0-array" count="48">
0.008045 0.008045
0.991956 0.008045
0.991956 0.991955
0.008045 0.991955
0.008045 0.008045
0.991955 0.008045
0.991955 0.991955
0.008045 0.991955
0.008045 0.991956
0.008045 0.008045
0.991955 0.008045
0.991955 0.991955
0.008045 0.008045
0.991955 0.008045
0.991955 0.991955
0.008045 0.991955
0.008045 0.008045
0.991956 0.008045
0.991956 0.991955
0.008045 0.991955
0.008045 0.008045
0.991955 0.008045
0.991955 0.991955
0.008045 0.991955
</float_array>
          <technique_common>
            <accessor source="#pCube1-UV0-array" count="24" stride="2">
              <param name="S" type="float"/>
              <param name="T" type="float"/>
            </accessor>
          </technique_common>
        </source>
        <vertices id="pCube1-VERTEX">
          <input semantic="POSITION" source="#pCube1-POSITION"/>
        </vertices>
        <triangles count="12" material="Cube"><input semantic="VERTEX" offset="0" source="#pCube1-VERTEX"/><input semantic="NORMAL" offset="1" source="#pCube1-Normal0"/><input semantic="TEXCOORD" offset="2" set="0" source="#pCube1-UV0"/><p> 3 0 2 2 1 3 0 2 0 3 3 2 0 4 0 1 5 1 5 6 6 2 7 4 3 8 5 2 9 4 5 10 6 4 11 7 7 12 10 6 13 11 4 14 8 7 15 10 4 16 8 5 17 9 1 18 14 0 19 15 6 20 12 1 21 14 6 22 12 7 23 13 3 24 19 1 25 16 5 26 18 1 27 16 7 28 17 5 29 18 2 30 22 6 31 20 0 32 21 6 33 20 2 34 22 4 35 23</p></triangles>
      </mesh>
    </geometry>
    <geometry id="pPlane1-lib" name="pPlane1Mesh">
      <mesh>
        <source id="pPlane1-POSITION">
          <float_array id="pPlane1-POSITION-array" count="12">
-7.788596 -7.788596 0.000000
7.788596 -7.788596 0.000000
-7.788596 7.788596 0.000000
7.788596 7.788596 0.000000
</float_array>
          <technique_common>
            <accessor source="#pPlane1-POSITION-array" count="4" stride="3">
              <param name="X" type="float"/>
              <param name="Y" type="float"/>
              <param name="Z" type="float"/>
            </accessor>
          </technique_common>
        </source>
        <source id="pPlane1-Normal0">
          <float_array id="pPlane1-Normal0-array" count="12">
0.000000 0.000000 1.000000
0.000000 0.000000 1.000000
0.000000 0.000000 1.000000
0.000000 0.000000 1.000000
</float_array>
          <technique_common>
            <accessor source="#pPlane1-Normal0-array" count="4" stride="3">
              <param name="X" type="float"/>
              <param name="Y" type="float"/>
              <param name="Z" type="float"/>
            </accessor>
          </technique_common>
        </source>
        <source id="pPlane1-UV0">
          <float_array id="pPlane1-UV0-array" count="8">
0.000000 0.000000
1.000000 0.000000
0.000000 1.000000
1.000000 1.000000
</float_array>
          <technique_common>
            <accessor source="#pPlane1-UV0-array" count="4" stride="2">
              <param name="S" type="float"/>
              <param name="T" type="float"/>
            </accessor>
          </technique_common>
        </source>
        <vertices id="pPlane1-VERTEX">
          <input semantic="POSITION" source="#pPlane1-POSITION"/>
          <input semantic="NORMAL" source="#pPlane1-Normal0"/>
        </vertices>
        <triangles count="2" material="SpeedBooster_lambert5"><input semantic="VERTEX" offset="0" source="#pPlane1-VERTEX"/><input semantic="TEXCOORD" offset="1" set="0" source="#pPlane1-UV0"/><p> 3 3 2 2 0 0 3 3 0 0 1 1</p></triangles>
      </mesh>
    </geometry>
  </library_geometries>
  <library_animations>
    <animation id="pCube1-anim" name="pCube1"><animation><source id="pCube1-Matrix-animation-input"><float_array id="pCube1-Matrix-animation-input-array" count="60">

0.041667 0.083333 0.125000 0.166667 0.208333 0.250000 0.291667 0.333333 0.375000 0.416667 0.458333 0.500000 0.541667 0.583333 0.625000 0.666667
0.708333 0.750000 0.791667 0.833333 0.875000 0.916667 0.958333 1.000000 1.041667 1.083333 1.125000 1.166667 1.208333 1.250000 1.291667 1.333333
1.375000 1.416667 1.458333 1.500000 1.541667 1.583333 1.625000 1.666667 1.708333 1.750000 1.791667 1.833333 1.875000 1.916667 1.958333 2.000000
2.041667 2.083333 2.125000 2.166667 2.208333 2.250000 2.291667 2.333333 2.375000 2.416667 2.458333 2.500000</float_array><technique_common><accessor source="#pCube1-Matrix-animation-input-array" count="60"><param name="TIME" type="float"/></accessor></technique_common></source><source id="pCube1-Matrix-animation-output-transform"><float_array id="pCube1-Matrix-animation-output-transform-array" count="960">

1.000000 0.000000 0.000000 0.000000 0.000000 1.000000 0.000000 0.000000 0.000000 0.000000 1.000000 0.000000 0.000000 0.000000 0.000000 1.000000
0.999963 0.000031 -0.008622 0.000731 -0.000064 0.999993 -0.003800 0.011745 0.008621 0.003800 0.999956 0.000004 0.000000 0.000000 0.000000 1.000000
0.999851 -0.000003 -0.017243 0.001462 -0.000128 0.999971 -0.007599 0.045259 0.017242 0.007600 0.999822 0.000015 0.000000 0.000000 0.000000 1.000000
0.999666 -0.000103 -0.025862 0.002192 -0.000192 0.999935 -0.011396 0.098931 0.025862 0.011398 0.999601 0.000034 0.000000 0.000000 0.000000 1.000000
0.999405 -0.000268 -0.034479 0.002923 -0.000256 0.999885 -0.015193 0.171148 0.034479 0.015193 0.999290 0.000060 0.000000 0.000000 0.000000 1.000000
0.999071 -0.000499 -0.043093 0.003653 -0.000320 0.999820 -0.018988 0.260297 0.043094 0.018984 0.998891 0.000094 0.000000 0.000000 0.000000 1.000000
0.998662 -0.000795 -0.051701 0.004383 -0.000384 0.999740 -0.022782 0.364765 0.051706 0.022771 0.998403 0.000135 0.000000 0.000000 0.000000 1.000000
0.998179 -0.001156 -0.060305 0.005112 -0.000448 0.999647 -0.026574 0.482940 0.060314 0.026552 0.997826 0.000184 0.000000 0.000000 0.000000 1.000000
0.997622 -0.001583 -0.068901 0.005841 -0.000511 0.999539 -0.030365 0.613210 0.068918 0.030328 0.997161 0.000241 0.000000 0.000000 0.000000 1.000000
0.996991 -0.002075 -0.077490 0.006569 -0.000575 0.999416 -0.034154 0.753961 0.077516 0.034096 0.996408 0.000305 0.000000 0.000000 0.000000 1.000000
0.996286 -0.002632 -0.086071 0.007297 -0.000638 0.999280 -0.037941 0.903581 0.086109 0.037855 0.995566 0.000376 0.000000 0.000000 0.000000 1.000000
0.995506 -0.003254 -0.094641 0.008023 -0.000701 0.999129 -0.041727 1.060458 0.094695 0.041606 0.994637 0.000455 0.000000 0.000000 0.000000 1.000000
0.994653 -0.003941 -0.103202 0.008749 -0.000764 0.998964 -0.045512 1.222979 0.103274 0.045347 0.993619 0.000541 0.000000 0.000000 0.000000 1.000000
0.993725 -0.004692 -0.111750 0.009473 -0.000827 0.998784 -0.049294 1.389531 0.111845 0.049077 0.992513 0.000635 0.000000 0.000000 0.000000 1.000000
0.992724 -0.005508 -0.120286 0.010197 -0.000890 0.998590 -0.053075 1.558502 0.120409 0.052796 0.991320 0.000736 0.000000 0.000000 0.000000 1.000000
0.993753 -0.004690 -0.111507 0.009453 -0.000733 0.998821 -0.048544 1.727575 0.111604 0.048322 0.992577 0.000629 0.000000 0.000000 0.000000 1.000000
0.994703 -0.003951 -0.102716 0.008708 -0.000576 0.999031 -0.044009 1.895841 0.102790 0.043835 0.993737 0.000531 0.000000 0.000000 0.000000 1.000000
0.995575 -0.003293 -0.093911 0.007961 -0.000418 0.999221 -0.039470 2.061687 0.093968 0.039335 0.994798 0.000441 0.000000 0.000000 0.000000 1.000000
0.996369 -0.002714 -0.085096 0.007214 -0.000260 0.999390 -0.034928 2.223503 0.085139 0.034823 0.995760 0.000359 0.000000 0.000000 0.000000 1.000000
0.997085 -0.002216 -0.076271 0.006466 -0.000102 0.999538 -0.030382 2.379673 0.076303 0.030301 0.996624 0.000286 0.000000 0.000000 0.000000 1.000000
0.997722 -0.001799 -0.067437 0.005717 0.000056 0.999666 -0.025833 2.528587 0.067461 0.025770 0.997389 0.000221 0.000000 0.000000 0.000000 1.000000
0.998281 -0.001462 -0.058596 0.004967 0.000215 0.999774 -0.021280 2.668631 0.058614 0.021231 0.998055 0.000165 0.000000 0.000000 0.000000 1.000000
0.998761 -0.001205 -0.049749 0.004217 0.000373 0.999860 -0.016725 2.798193 0.049763 0.016685 0.998622 0.000117 0.000000 0.000000 0.000000 1.000000
0.999163 -0.001029 -0.040897 0.003467 0.000532 0.999926 -0.012166 2.915660 0.040907 0.012134 0.999089 0.000077 0.000000 0.000000 0.000000 1.000000
0.999486 -0.000934 -0.032042 0.002716 0.000691 0.999971 -0.007604 3.019420 0.032048 0.007578 0.999458 0.000046 0.000000 0.000000 0.000000 1.000000
0.999731 -0.000920 -0.023184 0.001965 0.000850 0.999995 -0.003039 3.107860 0.023187 0.003018 0.999727 0.000023 0.000000 0.000000 0.000000 1.000000
0.999897 -0.000987 -0.014325 0.001214 0.001009 0.999998 0.001529 3.179368 0.014323 -0.001544 0.999896 0.000009 0.000000 0.000000 0.000000 1.000000
0.999984 -0.001135 -0.005466 0.000463 0.001168 0.999981 0.006100 3.232330 0.005459 -0.006106 0.999966 0.000003 0.000000 0.000000 0.000000 1.000000
0.999993 -0.001363 0.003391 -0.000287 0.001327 0.999942 0.010673 3.265135 -0.003406 -0.010669 0.999937 0.000005 0.000000 0.000000 0.000000 1.000000
0.999924 -0.001672 0.012246 -0.001038 0.001485 0.999883 0.015249 3.276170 -0.012270 -0.015230 0.999809 0.000016 0.000000 0.000000 0.000000 1.000000
0.999775 -0.002062 0.021097 -0.001788 0.001644 0.999802 0.019828 3.268620 -0.021134 -0.019788 0.999581 0.000036 0.000000 0.000000 0.000000 1.000000
0.999548 -0.002533 0.029943 -0.002538 0.001802 0.999700 0.024408 3.247231 -0.029996 -0.024343 0.999254 0.000063 0.000000 0.000000 0.000000 1.000000
0.999243 -0.003085 0.038782 -0.003288 0.001961 0.999578 0.028992 3.212733 -0.038855 -0.028894 0.998827 0.000099 0.000000 0.000000 0.000000 1.000000
0.998859 -0.003717 0.047614 -0.004036 0.002118 0.999434 0.033577 3.165853 -0.047712 -0.033438 0.998301 0.000144 0.000000 0.000000 0.000000 1.000000
0.998396 -0.004429 0.056436 -0.004784 0.002276 0.999269 0.038164 3.107319 -0.056564 -0.037975 0.997677 0.000197 0.000000 0.000000 0.000000 1.000000
0.997855 -0.005222 0.065249 -0.005531 0.002433 0.999083 0.042754 3.037861 -0.065412 -0.042503 0.996953 0.000258 0.000000 0.000000 0.000000 1.000000
0.997236 -0.006096 0.074050 -0.006278 0.002590 0.998875 0.047345 2.958206 -0.074256 -0.047022 0.996130 0.000328 0.000000 0.000000 0.000000 1.000000
0.996538 -0.007049 0.082839 -0.007023 0.002747 0.998647 0.051938 2.869082 -0.083093 -0.051531 0.995209 0.000406 0.000000 0.000000 0.000000 1.000000
0.995762 -0.008082 0.091614 -0.007766 0.002903 0.998397 0.056533 2.771218 -0.091924 -0.056027 0.994189 0.000493 0.000000 0.000000 0.000000 1.000000
0.994907 -0.009196 0.100373 -0.008509 0.003058 0.998125 0.061129 2.665343 -0.100747 -0.060511 0.993070 0.000587 0.000000 0.000000 0.000000 1.000000
0.993975 -0.010388 0.109117 -0.009250 0.003213 0.997832 0.065727 2.552184 -0.109563 -0.064980 0.991854 0.000691 0.000000 0.000000 0.000000 1.000000
0.992964 -0.011660 0.117842 -0.009990 0.003368 0.997518 0.070326 2.432470 -0.118370 -0.069434 0.990539 0.000802 0.000000 0.000000 0.000000 1.000000
0.991875 -0.013011 0.126549 -0.010728 0.003521 0.997183 0.074926 2.306930 -0.127168 -0.073872 0.989127 0.000922 0.000000 0.000000 0.000000 1.000000
0.990708 -0.014441 0.135236 -0.011464 0.003675 0.996826 0.079528 2.176291 -0.135955 -0.078292 0.987617 0.001050 0.000000 0.000000 0.000000 1.000000
0.989463 -0.015950 0.143902 -0.012199 0.003827 0.996447 0.084131 2.041282 -0.144732 -0.082693 0.986009 0.001186 0.000000 0.000000 0.000000 1.000000
0.990819 -0.014142 0.134450 -0.011398 0.003577 0.996908 0.078499 1.903499 -0.135145 -0.077298 0.987806 0.001034 0.000000 0.000000 0.000000 1.000000
0.992082 -0.012439 0.124971 -0.010594 0.003326 0.997336 0.072871 1.762802 -0.125545 -0.071878 0.989481 0.000892 0.000000 0.000000 0.000000 1.000000
0.993252 -0.010842 0.115465 -0.009788 0.003073 0.997732 0.067244 1.619921 -0.115933 -0.066436 0.991033 0.000760 0.000000 0.000000 0.000000 1.000000
0.994329 -0.009350 0.105935 -0.008981 0.002820 0.998096 0.061621 1.475582 -0.106310 -0.060973 0.992462 0.000639 0.000000 0.000000 0.000000 1.000000
0.995312 -0.007964 0.096383 -0.008171 0.002566 0.998427 0.056000 1.330515 -0.096677 -0.055491 0.993768 0.000528 0.000000 0.000000 0.000000 1.000000
0.996203 -0.006685 0.086809 -0.007359 0.002312 0.998727 0.050383 1.185448 -0.087035 -0.049991 0.994950 0.000428 0.000000 0.000000 0.000000 1.000000
0.996999 -0.005513 0.077216 -0.006546 0.002057 0.998995 0.044769 1.041108 -0.077385 -0.044476 0.996009 0.000338 0.000000 0.000000 0.000000 1.000000
0.997702 -0.004447 0.067606 -0.005731 0.001801 0.999231 0.039159 0.898225 -0.067728 -0.038947 0.996943 0.000259 0.000000 0.000000 0.000000 1.000000
0.998312 -0.003489 0.057980 -0.004915 0.001545 0.999436 0.033552 0.757527 -0.058064 -0.033406 0.997754 0.000190 0.000000 0.000000 0.000000 1.000000
0.998827 -0.002638 0.048340 -0.004098 0.001288 0.999609 0.027949 0.619742 -0.048395 -0.027854 0.998440 0.000132 0.000000 0.000000 0.000000 1.000000
0.999250 -0.001895 0.038689 -0.003280 0.001031 0.999750 0.022350 0.485598 -0.038722 -0.022294 0.999001 0.000085 0.000000 0.000000 0.000000 1.000000
0.999578 -0.001259 0.029027 -0.002461 0.000773 0.999859 0.016756 0.355823 -0.029044 -0.016726 0.999438 0.000048 0.000000 0.000000 0.000000 1.000000
0.999812 -0.000732 0.019357 -0.001641 0.000516 0.999938 0.011166 0.231146 -0.019364 -0.011154 0.999750 0.000021 0.000000 0.000000 0.000000 1.000000
0.999953 -0.000312 0.009681 -0.000821 0.000258 0.999984 0.005581 0.112296 -0.009683 -0.005578 0.999938 0.000005 0.000000 0.000000 0.000000 1.000000
1.000000 0.000000 0.000000 0.000000 0.000000 1.000000 0.000000 0.000000 0.000000 0.000000 1.000000 0.000000 0.000000 0.000000 0.000000 1.000000</float_array><technique_common><accessor source="#pCube1-Matrix-animation-output-transform-array" count="60" stride="16"><param type="float4x4"/></accessor></technique_common></source><source id="pCube1-Interpolations"><Name_array id="pCube1-Interpolations-array" count="60">
 LINEAR LINEAR LINEAR LINEAR LINEAR LINEAR LINEAR LINEAR LINEAR LINEAR LINEAR
LINEAR LINEAR LINEAR LINEAR LINEAR LINEAR LINEAR LINEAR LINEAR LINEAR LINEAR LINEAR
LINEAR LINEAR LINEAR LINEAR LINEAR LINEAR LINEAR LINEAR LINEAR LINEAR LINEAR LINEAR
LINEAR LINEAR LINEAR LINEAR LINEAR LINEAR LINEAR LINEAR LINEAR LINEAR LINEAR LINEAR
LINEAR LINEAR LINEAR LINEAR LINEAR LINEAR LINEAR LINEAR LINEAR LINEAR LINEAR LINEAR
LINEAR</Name_array><technique_common><accessor source="#pCube1-Interpolations-array" count="60"><param type="name"/></accessor></technique_common></source><sampler id="pCube1-Matrix-animation-transform"><input semantic="INPUT" source="#pCube1-Matrix-animation-input"/><input semantic="OUTPUT" source="#pCube1-Matrix-animation-output-transform"/><input semantic="INTERPOLATION" source="#pCube1-Interpolations"/></sampler><channel source="#pCube1-Matrix-animation-transform" target="pCube1/matrix"/></animation><animation><source id="pCube1-visibility-animation-input"><float_array id="pCube1-visibility-animation-input-array" count="2">

0.041667 2.500000</float_array><technique_common><accessor source="#pCube1-visibility-animation-input-array" count="2"><param name="TIME" type="float"/></accessor></technique_common></source><source id="pCube1-visibility-animation-output"><float_array id="pCube1-visibility-animation-output-array" count="2">

1.000000 1.000000</float_array><technique_common><accessor source="#pCube1-visibility-animation-output-array" count="2"><param type="float"/></accessor></technique_common></source><source id="pCube1-visibility-animation-intan"><float_array id="pCube1-visibility-animation-intan-array" count="2">

0.000000 0.000000</float_array><technique_common><accessor source="#pCube1-visibility-animation-intan-array" count="2"><param type="float"/></accessor></technique_common></source><source id="pCube1-visibility-animation-outtan"><float_array id="pCube1-visibility-animation-outtan-array" count="2">

0.000000 0.000000</float_array><technique_common><accessor source="#pCube1-visibility-animation-outtan-array" count="2"><param type="float"/></accessor></technique_common></source><source id="pCube1-visibility-animation-interpolation"><Name_array id="pCube1-visibility-animation-interpolation-array" count="2">
 STEP LINEAR</Name_array><technique_common><accessor source="#pCube1-visibility-animation-interpolation-array" count="2"><param type="name"/></accessor></technique_common></source><sampler id="pCube1-visibility-animation"><input semantic="INPUT" source="#pCube1-visibility-animation-input"/><input semantic="OUTPUT" source="#pCube1-visibility-animation-output"/><input semantic="IN_TANGENT" source="#pCube1-visibility-animation-intan"/><input semantic="OUT_TANGENT" source="#pCube1-visibility-animation-outtan"/><input semantic="INTERPOLATION" source="#pCube1-visibility-animation-interpolation"/></sampler><channel source="#pCube1-visibility-animation" target="pCube1/visibility"/></animation></animation>
    <animation id="pPlane1-anim" name="pPlane1"><animation><source id="pPlane1-Matrix-animation-input"><float_array id="pPlane1-Matrix-animation-input-array" count="60">

0.041667 0.083333 0.125000 0.166667 0.208333 0.250000 0.291667 0.333333 0.375000 0.416667 0.458333 0.500000 0.541667 0.583333 0.625000 0.666667
0.708333 0.750000 0.791667 0.833333 0.875000 0.916667 0.958333 1.000000 1.041667 1.083333 1.125000 1.166667 1.208333 1.250000 1.291667 1.333333
1.375000 1.416667 1.458333 1.500000 1.541667 1.583333 1.625000 1.666667 1.708333 1.750000 1.791667 1.833333 1.875000 1.916667 1.958333 2.000000
2.041667 2.083333 2.125000 2.166667 2.208333 2.250000 2.291667 2.333333 2.375000 2.416667 2.458333 2.500000</float_array><technique_common><accessor source="#pPlane1-Matrix-animation-input-array" count="60"><param name="TIME" type="float"/></accessor></technique_common></source><source id="pPlane1-Matrix-animation-output-transform"><float_array id="pPlane1-Matrix-animation-output-transform-array" count="960">

1.000000 0.000000 0.000000 0.000000 0.000000 1.000000 0.000000 0.000000 0.000000 0.000000 1.000000 0.000000 0.000000 0.000000 0.000000 1.000000
0.999963 0.000031 -0.008622 0.000731 -0.000064 0.999993 -0.003800 0.011745 0.008621 0.003800 0.999956 0.000004 0.000000 0.000000 0.000000 1.000000
0.999851 -0.000003 -0.017243 0.001462 -0.000128 0.999971 -0.007599 0.045259 0.017242 0.007600 0.999822 0.000015 0.000000 0.000000 0.000000 1.000000
0.999666 -0.000103 -0.025862 0.002192 -0.000192 0.999935 -0.011396 0.098931 0.025862 0.011398 0.999601 0.000034 0.000000 0.000000 0.000000 1.000000
0.999405 -0.000268 -0.034479 0.002923 -0.000256 0.999885 -0.015193 0.171148 0.034479 0.015193 0.999290 0.000060 0.000000 0.000000 0.000000 1.000000
0.999071 -0.000499 -0.043093 0.003653 -0.000320 0.999820 -0.018988 0.260297 0.043094 0.018984 0.998891 0.000094 0.000000 0.000000 0.000000 1.000000
0.998662 -0.000795 -0.051701 0.004383 -0.000384 0.999740 -0.022782 0.364765 0.051706 0.022771 0.998403 0.000135 0.000000 0.000000 0.000000 1.000000
0.998179 -0.001156 -0.060305 0.005112 -0.000448 0.999647 -0.026574 0.482940 0.060314 0.026552 0.997826 0.000184 0.000000 0.000000 0.000000 1.000000
0.997622 -0.001583 -0.068901 0.005841 -0.000511 0.999539 -0.030365 0.613210 0.068918 0.030328 0.997161 0.000241 0.000000 0.000000 0.000000 1.000000
0.996991 -0.002075 -0.077490 0.006569 -0.000575 0.999416 -0.034154 0.753961 0.077516 0.034096 0.996408 0.000305 0.000000 0.000000 0.000000 1.000000
0.996286 -0.002632 -0.086071 0.007297 -0.000638 0.999280 -0.037941 0.903581 0.086109 0.037855 0.995566 0.000376 0.000000 0.000000 0.000000 1.000000
0.995506 -0.003254 -0.094641 0.008023 -0.000701 0.999129 -0.041727 1.060458 0.094695 0.041606 0.994637 0.000455 0.000000 0.000000 0.000000 1.000000
0.994653 -0.003941 -0.103202 0.008749 -0.000764 0.998964 -0.045512 1.222979 0.103274 0.045347 0.993619 0.000541 0.000000 0.000000 0.000000 1.000000
0.993725 -0.004692 -0.111750 0.009473 -0.000827 0.998784 -0.049294 1.389531 0.111845 0.049077 0.992513 0.000635 0.000000 0.000000 0.000000 1.000000
0.992724 -0.005508 -0.120286 0.010197 -0.000890 0.998590 -0.053075 1.558502 0.120409 0.052796 0.991320 0.000736 0.000000 0.000000 0.000000 1.000000
0.993753 -0.004690 -0.111508 0.009453 -0.000733 0.998821 -0.048544 1.727575 0.111604 0.048322 0.992577 0.000629 0.000000 0.000000 0.000000 1.000000
0.994703 -0.003951 -0.102716 0.008708 -0.000576 0.999031 -0.044009 1.895841 0.102790 0.043835 0.993737 0.000531 0.000000 0.000000 0.000000 1.000000
0.995575 -0.003293 -0.093911 0.007961 -0.000418 0.999221 -0.039470 2.061688 0.093968 0.039335 0.994798 0.000441 0.000000 0.000000 0.000000 1.000000
0.996369 -0.002714 -0.085096 0.007214 -0.000260 0.999390 -0.034928 2.223503 0.085139 0.034823 0.995760 0.000359 0.000000 0.000000 0.000000 1.000000
0.997085 -0.002216 -0.076271 0.006466 -0.000102 0.999538 -0.030382 2.379673 0.076303 0.030301 0.996624 0.000286 0.000000 0.000000 0.000000 1.000000
0.997722 -0.001799 -0.067437 0.005717 0.000056 0.999666 -0.025833 2.528587 0.067461 0.025770 0.997389 0.000221 0.000000 0.000000 0.000000 1.000000
0.998281 -0.001462 -0.058596 0.004967 0.000215 0.999774 -0.021280 2.668631 0.058614 0.021231 0.998055 0.000165 0.000000 0.000000 0.000000 1.000000
0.998761 -0.001205 -0.049749 0.004217 0.000373 0.999860 -0.016725 2.798193 0.049763 0.016685 0.998622 0.000117 0.000000 0.000000 0.000000 1.000000
0.999163 -0.001029 -0.040897 0.003467 0.000532 0.999926 -0.012166 2.915660 0.040907 0.012134 0.999089 0.000077 0.000000 0.000000 0.000000 1.000000
0.999486 -0.000934 -0.032042 0.002716 0.000691 0.999971 -0.007604 3.019420 0.032048 0.007578 0.999458 0.000046 0.000000 0.000000 0.000000 1.000000
0.999731 -0.000920 -0.023184 0.001965 0.000850 0.999995 -0.003039 3.107860 0.023187 0.003018 0.999727 0.000023 0.000000 0.000000 0.000000 1.000000
0.999897 -0.000987 -0.014325 0.001214 0.001009 0.999998 0.001529 3.179368 0.014323 -0.001544 0.999896 0.000009 0.000000 0.000000 0.000000 1.000000
0.999984 -0.001135 -0.005466 0.000463 0.001168 0.999981 0.006100 3.232330 0.005459 -0.006106 0.999966 0.000003 0.000000 0.000000 0.000000 1.000000
0.999993 -0.001363 0.003391 -0.000287 0.001327 0.999942 0.010673 3.265135 -0.003406 -0.010669 0.999937 0.000005 0.000000 0.000000 0.000000 1.000000
0.999924 -0.001672 0.012246 -0.001038 0.001485 0.999883 0.015249 3.276170 -0.012270 -0.015230 0.999809 0.000016 0.000000 0.000000 0.000000 1.000000
0.999775 -0.002062 0.021097 -0.001788 0.001644 0.999802 0.019828 3.268620 -0.021134 -0.019788 0.999581 0.000036 0.000000 0.000000 0.000000 1.000000
0.999548 -0.002533 0.029943 -0.002538 0.001802 0.999700 0.024408 3.247231 -0.029996 -0.024343 0.999254 0.000063 0.000000 0.000000 0.000000 1.000000
0.999243 -0.003085 0.038782 -0.003288 0.001961 0.999578 0.028992 3.212733 -0.038855 -0.028894 0.998827 0.000099 0.000000 0.000000 0.000000 1.000000
0.998859 -0.003717 0.047614 -0.004036 0.002118 0.999434 0.033577 3.165853 -0.047712 -0.033438 0.998301 0.000144 0.000000 0.000000 0.000000 1.000000
0.998396 -0.004429 0.056436 -0.004784 0.002276 0.999269 0.038164 3.107319 -0.056564 -0.037975 0.997677 0.000197 0.000000 0.000000 0.000000 1.000000
0.997855 -0.005222 0.065249 -0.005531 0.002433 0.999083 0.042754 3.037861 -0.065412 -0.042503 0.996953 0.000258 0.000000 0.000000 0.000000 1.000000
0.997236 -0.006096 0.074050 -0.006278 0.002590 0.998875 0.047345 2.958206 -0.074256 -0.047022 0.996130 0.000328 0.000000 0.000000 0.000000 1.000000
0.996538 -0.007049 0.082839 -0.007023 0.002747 0.998647 0.051938 2.869082 -0.083093 -0.051531 0.995209 0.000406 0.000000 0.000000 0.000000 1.000000
0.995762 -0.008082 0.091614 -0.007766 0.002903 0.998397 0.056533 2.771218 -0.091924 -0.056027 0.994189 0.000493 0.000000 0.000000 0.000000 1.000000
0.994907 -0.009196 0.100373 -0.008509 0.003058 0.998125 0.061129 2.665343 -0.100747 -0.060511 0.993070 0.000587 0.000000 0.000000 0.000000 1.000000
0.993975 -0.010388 0.109117 -0.009250 0.003213 0.997832 0.065727 2.552184 -0.109563 -0.064980 0.991854 0.000691 0.000000 0.000000 0.000000 1.000000
0.992964 -0.011660 0.117842 -0.009990 0.003368 0.997518 0.070326 2.432470 -0.118370 -0.069434 0.990539 0.000802 0.000000 0.000000 0.000000 1.000000
0.991875 -0.013011 0.126549 -0.010728 0.003521 0.997183 0.074926 2.306930 -0.127168 -0.073872 0.989127 0.000922 0.000000 0.000000 0.000000 1.000000
0.990708 -0.014441 0.135236 -0.011464 0.003675 0.996826 0.079528 2.176291 -0.135955 -0.078292 0.987617 0.001050 0.000000 0.000000 0.000000 1.000000
0.989463 -0.015950 0.143902 -0.012199 0.003827 0.996447 0.084131 2.041282 -0.144732 -0.082693 0.986009 0.001186 0.000000 0.000000 0.000000 1.000000
0.990819 -0.014142 0.134450 -0.011398 0.003577 0.996908 0.078499 1.903499 -0.135145 -0.077298 0.987806 0.001034 0.000000 0.000000 0.000000 1.000000
0.992082 -0.012439 0.124971 -0.010594 0.003326 0.997336 0.072871 1.762802 -0.125545 -0.071878 0.989481 0.000892 0.000000 0.000000 0.000000 1.000000
0.993252 -0.010842 0.115465 -0.009788 0.003073 0.997732 0.067244 1.619921 -0.115933 -0.066436 0.991033 0.000760 0.000000 0.000000 0.000000 1.000000
0.994329 -0.009350 0.105935 -0.008981 0.002820 0.998096 0.061621 1.475582 -0.106310 -0.060973 0.992462 0.000639 0.000000 0.000000 0.000000 1.000000
0.995312 -0.007964 0.096383 -0.008171 0.002566 0.998427 0.056000 1.330515 -0.096677 -0.055491 0.993768 0.000528 0.000000 0.000000 0.000000 1.000000
0.996203 -0.006685 0.086809 -0.007359 0.002312 0.998727 0.050383 1.185448 -0.087035 -0.049991 0.994950 0.000428 0.000000 0.000000 0.000000 1.000000
0.996999 -0.005513 0.077216 -0.006546 0.002057 0.998995 0.044769 1.041108 -0.077385 -0.044476 0.996009 0.000338 0.000000 0.000000 0.000000 1.000000
0.997702 -0.004447 0.067606 -0.005731 0.001801 0.999231 0.039159 0.898226 -0.067728 -0.038947 0.996943 0.000259 0.000000 0.000000 0.000000 1.000000
0.998312 -0.003489 0.057980 -0.004915 0.001545 0.999436 0.033552 0.757527 -0.058064 -0.033406 0.997754 0.000190 0.000000 0.000000 0.000000 1.000000
0.998827 -0.002638 0.048340 -0.004098 0.001288 0.999609 0.027949 0.619741 -0.048395 -0.027854 0.998440 0.000132 0.000000 0.000000 0.000000 1.000000
0.999250 -0.001895 0.038689 -0.003280 0.001031 0.999750 0.022350 0.485598 -0.038722 -0.022294 0.999001 0.000085 0.000000 0.000000 0.000000 1.000000
0.999578 -0.001259 0.029027 -0.002461 0.000773 0.999859 0.016756 0.355823 -0.029044 -0.016726 0.999438 0.000048 0.000000 0.000000 0.000000 1.000000
0.999812 -0.000732 0.019357 -0.001641 0.000516 0.999938 0.011166 0.231146 -0.019364 -0.011154 0.999750 0.000021 0.000000 0.000000 0.000000 1.000000
0.999953 -0.000312 0.009681 -0.000821 0.000258 0.999984 0.005581 0.112296 -0.009683 -0.005578 0.999938 0.000005 0.000000 0.000000 0.000000 1.000000
1.000000 0.000000 0.000000 0.000000 0.000000 1.000000 0.000000 0.000000 0.000000 0.000000 1.000000 0.000000 0.000000 0.000000 0.000000 1.000000</float_array><technique_common><accessor source="#pPlane1-Matrix-animation-output-transform-array" count="60" stride="16"><param type="float4x4"/></accessor></technique_common></source><source id="pPlane1-Interpolations"><Name_array id="pPlane1-Interpolations-array" count="60">
 LINEAR LINEAR LINEAR LINEAR LINEAR LINEAR LINEAR LINEAR LINEAR LINEAR LINEAR
LINEAR LINEAR LINEAR LINEAR LINEAR LINEAR LINEAR LINEAR LINEAR LINEAR LINEAR LINEAR
LINEAR LINEAR LINEAR LINEAR LINEAR LINEAR LINEAR LINEAR LINEAR LINEAR LINEAR LINEAR
LINEAR LINEAR LINEAR LINEAR LINEAR LINEAR LINEAR LINEAR LINEAR LINEAR LINEAR LINEAR
LINEAR LINEAR LINEAR LINEAR LINEAR LINEAR LINEAR LINEAR LINEAR LINEAR LINEAR LINEAR
LINEAR</Name_array><technique_common><accessor source="#pPlane1-Interpolations-array" count="60"><param type="name"/></accessor></technique_common></source><sampler id="pPlane1-Matrix-animation-transform"><input semantic="INPUT" source="#pPlane1-Matrix-animation-input"/><input semantic="OUTPUT" source="#pPlane1-Matrix-animation-output-transform"/><input semantic="INTERPOLATION" source="#pPlane1-Interpolations"/></sampler><channel source="#pPlane1-Matrix-animation-transform" target="pPlane1/matrix"/></animation></animation>
  </library_animations>
  <library_cameras>
    <camera id="Render_Cam" name="Render_Cam">
      <optics>
        <technique_common>
          <perspective>
            <xfov sid="xfov">54.432130</xfov>
            <aspect_ratio>1.500000</aspect_ratio>
            <znear sid="znear">0.100000</znear>
            <zfar sid="zfar">10000.000000</zfar>
          </perspective>
        </technique_common>
        <technique profile="FCOLLADA"><vertical_aperture>2.399990</vertical_aperture><horizontal_aperture>3.599990</horizontal_aperture><lens_squeeze>1.000000</lens_squeeze></technique>
      </optics>
    </camera>
    <camera id="Render_Cam_Persp" name="Render_Cam_Persp">
      <optics>
        <technique_common>
          <perspective>
            <xfov sid="xfov">54.432130</xfov>
            <aspect_ratio>1.500000</aspect_ratio>
            <znear sid="znear">0.100000</znear>
            <zfar sid="zfar">10000.000000</zfar>
          </perspective>
        </technique_common>
        <technique profile="FCOLLADA"><vertical_aperture>2.399990</vertical_aperture><horizontal_aperture>3.599990</horizontal_aperture><lens_squeeze>1.000000</lens_squeeze></technique>
      </optics>
    </camera>
  </library_cameras>
  <library_visual_scenes>
    <visual_scene id="RingExp_Cube" name="RingExp_Cube">
      <node name="pCube1" id="pCube1" layer="layer1" sid="pCube1"><matrix sid="matrix">1.000000 0.000000 0.000000 0.000000 0.000000 1.000000 0.000000 0.000000 0.000000 0.000000 1.000000 0.000000 0.000000 0.000000 0.000000 1.000000</matrix><instance_geometry url="#pCube1-lib"><bind_material><technique_common><instance_material symbol="Cube" target="#Cube"/></technique_common></bind_material></instance_geometry><extra><technique profile="FCOLLADA"><visibility>1.000000</visibility></technique></extra></node>
      <node name="SpeedBooster_null1" id="SpeedBooster_null1" sid="SpeedBooster_null1"><matrix sid="matrix">1.000000 0.000000 0.000000 0.000000 0.000000 1.000000 0.000000 0.000000 0.000000 0.000000 1.000000 0.000000 0.000000 0.000000 0.000000 1.000000</matrix><extra><technique profile="FCOLLADA"><visibility>1.000000</visibility></technique></extra></node>
      <node name="pPlane1" id="pPlane1" sid="pPlane1"><matrix sid="matrix">1.000000 0.000000 0.000000 0.000000 0.000000 1.000000 0.000000 0.000000 0.000000 0.000000 1.000000 0.000000 0.000000 0.000000 0.000000 1.000000</matrix><instance_geometry url="#pPlane1-lib"><bind_material><technique_common><instance_material symbol="SpeedBooster_lambert5" target="#SpeedBooster_lambert5"/></technique_common></bind_material></instance_geometry><extra><technique profile="FCOLLADA"><visibility>1.000000</visibility></technique></extra></node>
      <node name="Render_Cam" id="Render_Cam" sid="Render_Cam"><matrix sid="matrix">0.969445 -0.052418 0.239641 17.876726 0.000000 0.976903 0.213684 14.197937 -0.245307 -0.207155 0.947054 64.647629 0.000000 0.000000 0.000000 1.000000</matrix><instance_camera url="#Render_Cam"/><extra><technique profile="FCOLLADA"><visibility>1.000000</visibility></technique></extra></node>
      <node name="Render_Cam_Persp" id="Render_Cam_Persp" sid="Render_Cam_Persp"><matrix sid="matrix">0.874620 -0.166914 0.455170 30.704615 -0.000000 0.938864 0.344288 23.946957 -0.484810 -0.301121 0.821149 66.936592 0.000000 0.000000 0.000000 1.000000</matrix><instance_camera url="#Render_Cam_Persp"/><extra><technique profile="FCOLLADA"><visibility>1.000000</visibility></technique></extra></node>
      <extra><technique profile="MAX3D"><frame_rate>24.000000</frame_rate></technique><technique profile="FCOLLADA"><start_time>0.041667</start_time><end_time>3.000000</end_time></technique></extra>
    </visual_scene>
  </library_visual_scenes>
  <scene>
    <instance_visual_scene url="#RingExp_Cube"></instance_visual_scene>
  </scene>
</COLLADA>
